H	CreationDate	
H	SNR	0.0
S	9	9	464.703
Z	2	928.407
1 250
2.002 250
18.015 1000
20.015 1000
84.017 250
85.019 250
88.04 20
101.068 20
101.1 20
102.032 250
102.052 20
104.05 20
112.027 750
113.029 750
129.042 1654.32
130.042 1500
131.042 1000
132.04 250
150.055 1750
151.055 1000
198.099 250
215.112 250
225.107 750
242.122 1642.87
269.136 250
277.113 1000
278.113 1750
279.113 1000
286.149 250
297.146 750
313.164 1699.07
425.257 250
441.111 250
442.113 250
442.27 250
452.265 750
453.267 750
458.126 1000
459.126 1750
460.126 1000
469.29 1685.595
471.28 1000
606.271 250
570.338 548.876
614.248 1000
615.248 1750
616.248 1000
623.284 250
633.279 750
634.281 750
650.294 1041.11
652.294 1000
668.27 250
669.272 250
687.285 1000
698.397 569.921
733.327 250
734.329 250
751.342 250
762.339 750
778.352 1015.19
782.352 250
798.365 1000
799.365 1750
800.365 1000
829.437 515.83
864.367 250
882.382 250
909.392 1052.93
S	10	10	575.702
Z	2	1150.404
1 250
19.015 1750
20.015 1000
72.037 250
73.039 250
88.04 20
89.052 1000
90.052 1750
91.052 1000
101.068 20
101.1 20
102.052 20
104.05 20
141.045 250
142.047 250
159.06 250
169.055 750
170.057 750
185.117 250
186.07 1601.61
188.07 1000
202.132 1000
203.132 1750
204.132 1000
212.082 250
213.084 250
240.092 750
257.107 1577.6
258.107 1500
259.107 1000
284.121 250
301.134 250
301.149 250
317.162 1000
318.162 1750
328.162 1615.3
341.141 250
358.154 250
368.149 750
385.164 1135.21
385.174 591.021
387.164 1000
481.16 250
482.162 250
498.175 1000
500.175 1000
508.137 250
525.15 250
535.145 750
552.16 975.623
553.16 2024.46
554.16 1000
581.23 250
597.243 1000
599.243 1000
606.203 250
607.205 250
634.213 750
651.228 989.121
652.228 2089.5
653.228 1000
748.227 250
752.288 498.1
765.24 1750
787.217 250
788.219 250
804.245 250
805.232 250
816.229 750
821.26 1000
832.242 1074.42
834.242 1000
867.315 565.958
875.282 250
876.284 250
902.247 250
903.249 250
920.262 250
930.257 750
931.259 750
947.272 1183.24
948.272 1500
949.272 1000
963.334 1000
965.334 1000
980.399 511.357
1015.327 250
1043.337 750
1044.339 750
1051.44 581.294
1060.35 1013
1061.352 1500
1062.352 1000
1086.364 250
1087.366 250
1104.379 250
1115.376 750
1122.47 528.203
1131.39 1063.61
S	11	11	684.829
Z	2	1368.658
1 250
2.002 250
19.015 1750
68.055 250
69.057 250
88.04 20
97.067 750
101.068 20
101.1 20
102.052 20
104.05 20
113.08 1075.44
114.08 1500
115.08 1000
157.188 250
158.19 250
174.203 1000
175.203 1750
176.203 1000
267.083 250
278.08 750
294.093 1665.04
296.093 1000
323.273 1000
352.077 250
353.079 250
370.092 250
380.087 750
381.089 750
397.102 1661.94
398.102 1500
451.328 250
452.33 250
470.343 1000
481.119 250
482.121 250
499.134 250
509.129 750
509.35 250
525.363 1000
526.144 1578.42
526.363 1750
527.363 1000
528.144 1000
539.141 250
556.154 250
567.151 750
583.164 1632.46
584.164 1500
641.148 250
659.163 250
664.469 250
665.471 250
669.158 750
670.16 750
681.484 1000
682.484 1750
683.484 1000
686.173 1575.06
767.478 250
784.493 1000
785.493 1750
786.493 1000
798.272 250
814.275 491.062
815.285 250
824.498 250
825.28 750
826.282 750
841.513 1000
842.295 996.905
844.295 1000
854.29 250
855.292 250
871.296 591.989
872.305 250
882.3 750
899.315 1039.03
900.315 1500
954.542 250
970.555 1000
972.555 1000
1001.36 250
1018.36 526.083
1019.375 250
1029.37 750
1030.372 750
1046.38 1069.93
1048.385 1000
1057.551 250
1073.564 1000
1075.564 1000
1148.43 250
1149.432 250
1165.43 576.861
1176.44 750
1177.442 750
1193.45 1125.86
1194.455 1500
1237.563 250
1238.565 250
1255.578 1750
1256.578 1000
1304.618 250
1332.628 750
1349.64 1729.34
S	12	12	711.946
Z	2	1422.893
2.002 250
18.015 1000
19.015 1750
20.015 1000
88.04 20
98.052 250
99.054 250
101.068 20
101.1 20
102.052 20
104.05 20
115.067 1000
116.067 1750
137.067 1031.15
157.209 250
168.206 750
184.119 1000
186.219 1000
197.12 250
214.135 1000
215.135 1750
216.135 1000
240.068 1136.11
276.254 250
277.256 250
294.269 250
304.264 750
305.266 750
312.15 250
313.152 250
321.179 1000
322.279 1500
323.279 1000
330.165 1750
331.165 1000
353.152 1131.79
379.263 250
397.278 250
407.273 750
408.275 750
424.208 1000
457.223 1000
458.223 1750
459.223 1000
492.343 250
497.228 250
498.23 250
510.358 250
514.243 1000
515.243 1750
520.353 750
521.355 750
537.268 1091.21
554.248 250
555.25 250
571.263 1000
666.363 1099.32
676.563 250
677.565 250
683.29 250
684.292 250
694.578 250
700.305 1000
702.305 1000
704.573 750
721.388 1000
723.348 1045.84
780.369 1120.7
805.605 250
806.607 250
823.62 250
833.615 750
834.617 750
850.63 1000
851.63 1500
862.625 250
867.509 250
868.511 250
880.64 250
885.524 1750
886.524 1000
891.637 750
907.45 1000
908.45 1061.98
919.645 250
920.647 250
937.66 250
948.657 750
964.57 1000
965.67 1500
966.67 1000
981.591 250
997.604 1000
998.604 1750
999.604 1000
1023.46 1085.32
1065.718 250
1076.715 750
1083.598 250
1084.6 250
1092.528 1000
1093.728 1500
1122.51 1133.22
1162.733 250
1163.735 250
1180.748 250
1190.743 750
1207.558 1000
1208.758 1500
1219.56 1002.04
1220.658 250
1221.66 250
1237.673 1000
1239.673 1000
1261.801 250
1279.816 250
1289.811 750
1290.813 750
1306.626 1000
1308.826 1000
1359.855 250
1376.868 250
1386.56 1011.24
S	13	13	956.063
Z	2	1911.126
1 250
2.002 250
18.015 1000
19.015 1750
20.015 1000
83.033 250
84.035 250
88.04 20
101.068 20
101.1 20
102.047 250
102.052 20
103.049 250
104.05 20
111.043 750
119.062 1000
121.062 1000
128.058 1637.897
129.058 1500
137.059 539.307
239.154 250
240.156 747.053
257.169 250
259.237 250
267.164 750
268.166 750
275.25 1000
284.179 1672.151
353.236 741.628
397.259 1625.829
399.259 1000
414.423 250
415.425 250
431.438 1000
432.438 1750
433.438 1000
465.314 250
466.316 250
494.326 750
510.339 1638.054
537.284 522.389
543.483 250
559.496 1000
560.496 1750
561.496 1000
611.401 530.511
647.33 250
666.327 487.208
671.523 250
674.338 750
682.438 579.93
688.538 1000
691.338 1179.93
692.353 1500
693.353 1000
723.348 577.429
735.38 250
742.56 250
743.562 250
745.375 750
746.377 750
753.475 555.841
759.575 1000
762.375 1117.84
763.39 1500
764.39 1000
780.369 570.28
788.402 250
789.404 250
806.417 250
833.427 1009.27
834.427 1500
835.427 1000
843.607 250
868.502 512.104
903.432 250
904.434 250
908.428 514.8
921.447 250
931.442 750
932.444 750
944.654 250
945.656 250
948.457 1004.12
949.457 1500
950.457 1000
962.669 1750
963.669 1000
969.55 497.103
1004.479 250
1005.481 250
1022.494 250
1023.46 555.353
1032.489 750
1033.491 750
1049.5 1182.82
1051.504 1000
1060.686 250
1105.526 250
1106.528 250
1122.52 540.158
1123.541 250
1130.721 250
1133.536 750
1134.538 750
1147.736 1000
1148.736 1750
1150.55 1639.701
1151.551 1500
1176.563 250
1177.565 250
1201.758 250
1202.76 250
1205.575 750
1218.773 1000
1219.58 571.064
1220.773 1000
1221.59 1681.916
1222.588 1500
1223.588 1000
1305.605 250
1306.61 763.908
1323.62 250
1333.615 750
1350.63 1563.975
1351.63 1500
1382.771 250
1383.773 250
1393.64 580.795
1400.786 1750
1401.786 1000
1433.663 250
1451.678 250
1461.673 750
1462.675 750
1478.69 1684.335
1479.688 1500
1480.688 1000
1495.851 250
1512.866 1000
1513.866 1750
1514.866 1000
1589.851 250
1590.853 250
1609.933 250
1618.863 750
1627.946 1000
1634.88 1629.515
1746.039 250
1747.041 250
1765.053 250
1766.055 250
1774.049 750
1775.051 750
1783.068 1750
1790.9 1724.803
1792.064 1500
1793.064 1000
1847.086 250
1848.088 250
1875.096 750
1876.098 750
1891.91 1580.2
S	14	14	1119.019
Z	2	2237.038
1 250
20.015 1000
52.027 250
80.037 750
81.039 750
88.04 20
97.052 1611.6
98.052 1500
99.052 1000
101.068 20
101.1 20
102.052 20
104.05 20
115.04 250
116.042 250
132.055 1000
133.055 1750
134.055 1000
208.148 250
226.163 250
230.07 250
231.072 250
237.16 750
247.085 1000
253.173 1581.625
321.228 250
339.243 250
345.112 250
349.238 750
350.24 750
361.125 1000
362.125 1750
363.125 1000
366.253 1590.846
367.253 1500
443.178 250
450.27 250
451.272 250
461.193 1750
462.193 1000
479.282 750
495.295 1552.859
544.225 250
561.24 1000
562.24 1750
563.24 1000
607.322 750
624.348 1533.24
657.305 250
675.32 1750
692.392 250
693.394 250
720.402 750
737.417 1703.506
738.417 1500
739.417 1000
804.375 250
805.377 250
823.39 1000
824.464 493.271
859.389 250
860.391 250
877.404 250
888.401 750
901.427 250
902.429 250
904.414 1183.43
905.414 1500
906.414 1000
918.442 1000
919.442 1750
920.442 1000
937.548 490
972.469 250
1001.481 750
1015.467 250
1016.469 250
1017.49 1185.86
1018.494 1500
1032.482 1000
1066.591 480
1073.489 250
1089.502 1000
1090.502 1750
1101.511 250
1102.513 250
1119.526 250
1123.612 510
1129.521 750
1130.523 750
1146.54 1117.97
1148.536 1000
1158.531 250
1159.533 250
1176.546 250
1186.541 750
1187.543 750
1203.56 1014.82
1218.544 1000
1219.544 1750
1220.544 1000
1237.655 520
1272.571 250
1273.573 250
1290.586 250
1300.581 750
1317.6 1044.04
1318.596 1500
1319.596 1000
1331.624 1000
1332.624 1750
1333.624 1000
1334.707 505
1370.625 250
1387.638 250
1398.635 750
1414.65 1046.49
1415.648 1500
1416.648 1000
1481.775 495
1482.607 250
1499.62 1750
1516.693 250
1517.695 250
1534.708 250
1545.705 750
1561.72 1160.26
1594.859 500
1595.687 250
1611.7 1000
1612.7 1750
1613.7 1000
1629.773 250
1630.775 250
1647.788 250
1657.783 750
1674.8 1124.16
1675.798 1500
1724.729 250
1740.742 1000
1741.742 1750
1742.742 1000
1748.835 250
1759.832 750
1775.85 1633.07
1776.845 1500
1777.845 1000
1829.888 250
1830.89 250
1847.903 250
1853.771 250
1870.784 1750
1871.784 1000
1874.91 1536.76
1876.913 1000
1943.928 250
1944.93 250
1961.943 250
1965.849 250
1966.851 250
1971.938 750
1972.94 750
1982.864 1000
1983.864 1750
1984.864 1000
1988.95 1566.08
1990.953 1000
1993 557.592
2059.96 250
2076.973 250
2086.968 750
2087.97 750
2103.98 1646.71
2104.983 1500
2105.983 1000
2121.971 250
2122.973 250
2138.986 1000
2139.986 1750
2172.998 250
2174 250
2201.008 750
2202.01 750
2218.02 1607.85
S	15	15	1190.086
Z	2	2379.172
2.002 250
19.015 1750
20.015 1000
72.037 250
73.039 250
88.04 20
89.052 1000
90.052 1750
101.068 20
101.1 20
102.052 20
104.05 20
139.194 250
140.196 250
156.101 542.887
157.209 250
159.067 250
167.204 750
168.206 750
176.082 1000
177.082 1750
184.119 1126.73
185.219 1500
186.219 1000
246.097 250
247.099 250
265.112 1000
320.208 250
337.115 500.31
338.223 250
348.218 750
349.22 750
365.133 1069.31
366.233 1500
367.233 1000
394.152 1000
395.152 1750
396.152 1000
450.252 250
466.158 500
467.265 250
477.26 750
478.262 750
494.175 1163.24
496.275 1000
540.197 250
541.199 250
558.212 1750
559.212 1000
564.28 250
565.282 250
581.185 522
582.295 250
592.29 750
593.292 750
609.205 1166.79
611.305 1000
669.239 250
670.241 250
677.36 250
678.362 250
694.269 498.22
695.375 250
705.37 750
722.305 999.227
723.385 1500
724.385 1000
770.286 250
787.301 1000
789.301 1000
805.45 250
806.452 250
823.465 250
834.462 750
841.323 250
842.325 250
850.375 1595.085
858.338 1000
860.338 1000
876.487 250
877.489 250
894.502 250
904.497 750
921.412 1510.2
923.512 1000
955.405 250
972.418 1750
973.418 1000
1005.529 250
1023.544 250
1033.539 750
1034.541 750
1050.45 1722.486
1066.59 591.226
1082.493 250
1101.508 1000
1118.609 250
1123.61 529.541
1136.624 250
1146.619 750
1147.621 750
1163.53 1582.621
1165.634 1000
1197.523 250
1198.525 250
1214.538 1000
1215.538 1750
1234.641 250
1237.66 578.88
1262.651 750
1278.56 1578.599
1279.664 1500
1280.664 1000
1310.603 250
1311.605 250
1328.618 1750
1334.71 493.72
1362.731 250
1389.739 750
1406.65 1526.92
1408.754 1000
1439.645 250
1440.647 250
1458.66 1000
1474.809 250
1475.811 250
1481.78 527.097
1492.824 250
1503.821 750
1519.73 1670.12
1520.834 1500
1528.697 1750
1529.697 1000
1545.846 250
1546.848 250
1563.861 250
1573.856 750
1590.8 1522.816
1591.871 1500
1592.871 1000
1594.86 505.296
1639.774 250
1646.893 250
1655.787 1000
1656.787 1750
1657.787 1000
1664.908 250
1674.903 750
1675.905 750
1691.92 1879.417
1752.854 250
1768.867 1000
1770.867 1000
1775.93 739.897
1803.945 750
1820.96 1641.783
1821.96 1500
1867.884 250
1874.94 527.593
1883.897 1000
1884.897 1750
1885.897 1000
1938.995 250
1967.005 750
1984.02 1591.034
1986.02 1000
1988.98 522.514
2012.939 1000
2014.939 1000
2070.035 250
2071.037 250
2099.047 750
2104.01 530.198
2115.06 1511.583
2157.065 250
2158.067 250
2177.939 250
2185.075 750
2186.077 750
2193.952 1000
2194.952 1750
2202.09 1673.585
2204.09 1000
2218.05 553.225
2244.095 250
2262.11 250
2272.105 750
2273.107 750
2289.12 1503.307
2290.12 1500
2291.12 1000
2315.132 250
2316.134 250
2332.1 503.568
2333.147 250
2344.144 750
2360.06 1580.928
S	16	16	1320.874
Z	2	2640.749
1 250
2.002 250
18.015 1000
19.015 1750
20.015 1000
88.04 20
101.068 20
101.1 20
102.052 20
104.05 20
111.096 250
112.098 250
128.095 559.024
129.111 250
139.106 750
140.108 750
156.121 1033.49
157.121 1500
158.121 1000
165.062 250
181.075 1000
182.075 1750
182.133 250
183.135 250
199.132 491.972
200.148 250
210.143 750
211.145 750
227.158 1030.1
228.158 1500
229.158 1000
277.14 250
278.142 250
294.155 1000
295.155 1750
310.191 250
311.193 250
327.191 520.375
328.206 250
338.201 750
355.216 977.251
365.172 250
381.185 1000
383.185 1000
466.313 751.245
467.315 250
483.317 512.097
484.328 250
494.323 750
511.338 1109.25
512.338 1500
527.23 250
528.232 250
544.245 1000
545.245 1750
546.245 1000
581.185 589.203
594.403 250
595.405 250
611.412 590.029
612.418 250
615.262 250
622.413 750
623.415 750
631.275 1000
632.275 1750
633.275 1000
639.428 1045.77
641.428 1000
694.269 589.923
726.439 578.01
727.448 250
737.443 750
743.302 250
744.304 250
754.458 1111.41
761.317 1750
762.317 1000
766.453 250
767.455 250
783.46 589.923
784.468 250
794.463 750
811.478 1100.46
813.478 1000
850.396 551.827
871.392 250
888.407 1000
889.407 1750
890.407 1000
894.543 250
895.545 250
911.555 551.827
912.558 250
921.433 498.248
922.553 750
923.555 750
939.568 1080.34
940.568 1500
941.568 1000
1023.635 250
1039.65 498.248
1040.648 250
1044.595 1000
1045.595 1750
1046.595 1000
1050.64 1271.85
1051.645 750
1067.66 1079.22
1068.658 1500
1115.612 250
1131.625 1000
1132.625 1750
1133.625 1000
1163.56 510.569
1178.821 250
1195.751 510.569
1196.836 250
1206.831 750
1223.75 1116.26
1225.846 1000
1270.798 250
1271.8 250
1278.59 540.919
1288.813 1750
1306.911 250
1307.913 250
1324.926 250
1351.84 1568.229
1352.936 1500
1353.936 1000
1398.888 250
1406.68 490.002
1415.903 1000
1416.903 1750
1417.903 1000
1463.099 250
1481.114 250
1492.111 750
1508.02 1512.072
1519.77 498.22
1551.131 250
1555.076 250
1556.078 250
1568.144 250
1573.091 1750
1578.139 750
1579.141 750
1590.8 492.629
1595.05 1477.717
1596.154 1500
1684.168 250
1691.85 569.43
1700.181 1000
1701.181 1750
1702.181 1000
1706.317 250
1707.319 250
1724.332 250
1734.327 750
1751.11 1637.01
1811.256 250
1812.258 250
1820.89 532.078
1828.271 1000
1829.271 1750
1834.407 250
1852.422 250
1862.417 750
1863.419 750
1868.276 250
1869.278 250
1879.23 1703.248
1880.432 1500
1885.291 1000
1886.291 1750
1887.291 1000
1963.449 250
1964.451 250
1983.306 250
1984.31 750.669
1991.459 750
2000.321 1000
2002.321 1000
2008.27 1679.08
2050.479 250
2051.481 250
2078.489 750
2095.3 1597.63
2097.504 1000
2111.396 250
2112.398 250
2115 551.68
2128.411 1000
2129.411 1750
2202.03 530.493
2213.539 250
2214.541 250
2231.554 250
2241.549 750
2242.551 750
2258.36 1578.543
2260.564 1000
2267.517 250
2268.519 250
2284.532 1000
2289.06 496.696
2318.584 250
2328.579 750
2329.581 750
2345.39 1660.086
2360.1 516.886
2395.575 250
2396.577 250
2412.59 1000
2413.59 1750
2413.649 250
2414.59 1000
2414.651 250
2431.66 1346.591
2441.659 750
2442.661 750
2458.47 1505.932
2459.674 1500
2460.674 1000
2466.612 250
2483.627 1000
2484.627 1750
2485.627 1000
2576.709 250
2577.711 250
2605.721 750
2621.53 1642.456

































